11501155512
11701163501
11701163505
11701163507
11701163511
11701163516
11701163524
11701163530
11701163531
11701163534
11701163535
11701163536
11701163539
11703132905
11703132906
11703132909
11703132915
11703132916
11703132918
11703133037
11703133046
11703133132
11703133150
11703133152
11703133307
11703133308
11703133309
11703133310
11703133311
11703133313
11703133314
11703133316
11703133340
11703133352
11703133612
11703133616
11703133617
11703133619
11703133620
11703133635
11703133637
11703133638
11703133639
11703133640
11703133642
11703163813
11703163815
11703163824
11703163902
11703163903
11703163904
11703163905
11703163906
11703163907
11703163912
11703163913
11703163914
11703164106
11703164114
11703164115
11703164119
11703164125
11703164208
11703164231
11703164305
11703164401
11703164409
11703164412
11703164414
11703164417
11703164423
11703164425
11703164428
11703164429
11703164503
11703164504
11703164505
11703164506
11703164507
11703164508
11703164509
11703164510
11703164512
11703164514
11703164516
11703164517
11703164518
11703164519
11703164520
11703164522
11703164523
11703164525
11703164526
11703164527
11703164530
11703164531
11703164532
11703164533
11703164536
11703164603
11703164604
11703164607
11703164608
11703164610
11703164611
11703164612
11703164614
11703164616
11703164617
11703164618
11703164620
11703164715
11703164716
11703164806
11703164808
11801134050
11801134105
11801134114
11801134116
11801134142
11801134143
11801165014
11901157138
11902166125
11903166405
11903166413
11903166518
11903166522
11904166824
11904167111
11904167117
12001167319
12003167801
12003167803
12003167812
12003167824
12003168022
12003168027
12003168033
12003168035
12101140120
12101140126
12101140127
12101140131
12101140132
12101140133
12101140134
12101140136
12101168416
12101168418
12101168429
12101168441
12102140360
12102157711
12102157727
12104141643
12104141735
12104141738
12104141739
12201141924
12203169506
12203169523
12501158237
12501171018
12501171020
12501171024
12501171025
12504148959
12504171713
12504171714
12504171903
12504171907
12504171927
12601172104
12601172126
12601172128
12602150342
12602150346
12602150349
12703173106
12801153043
