11601130340
11601130343
11701132330
11701163512
11701163543
11702132727
11702132742
11702163607
11703132901
11703132908
11703132910
11703132911
11703132912
11703132913
11703132914
11703132917
11703132919
11703132920
11703132921
11703132923
11703132925
11703132926
11703133009
11703133010
11703133014
11703133033
11703133044
11703133107
11703133129
11703133315
11703133319
11703133320
11703133322
11703133324
11703133325
11703133337
11703133339
11703133341
11703133342
11703133343
11703133351
11703133353
11703133607
11703133608
11703133610
11703133613
11703133615
11703133618
11703133623
11703133631
11703133633
11703133636
11703133641
11703163814
11703163909
11703163910
11703163916
11703163917
11703163918
11703164006
11703164033
11703164105
11703164107
11703164108
11703164110
11703164117
11703164120
11703164121
11703164124
11703164126
11703164128
11703164129
11703164201
11703164204
11703164211
11703164212
11703164213
11703164224
11703164226
11703164227
11703164228
11703164230
11703164311
11703164318
11703164321
11703164403
11703164404
11703164407
11703164416
11703164420
11703164421
11703164426
11703164502
11703164513
11703164528
11703164529
11703164534
11703164535
11703164601
11703164602
11703164605
11703164606
11703164613
11703164615
11703164701
11703164706
11703164708
11703164712
11703164717
11703164722
11703164731
11703164732
11703164733
11703164802
11703164805
11703164809
11703164813
11801134004
11801134005
11801134026
11801134039
11801134049
11801134506
11801134507
11801134512
11801165012
11802156421
11802156423
11802156501
11802157005
11901157142
11901157144
11902166115
11903137462
11903166402
11903166404
11903166411
11904137823
11904137827
11904137829
11904137830
11904138018
11904166828
11904167101
11904167106
11904167112
12001167304
12003139230
12003139440
12003139513
12003139645
12003167608
12003167806
12003167811
12003167820
12003167822
12003168015
12003168023
12101139948
12101140106
12101140135
12101168403
12101168404
12101168406
12101168411
12101168425
12101168434
12101168615
12101168634
12102157707
12102157715
12102157734
12104141638
12104141704
12104141706
12104141713
12104141733
12104141737
12201141923
12203169504
12203169505
12203169525
12203169540
12501158202
12501158234
12501158643
12501171002
12501171008
12501171010
12501171016
12502171124
12504148906
12504148954
12504148961
12504149139
12504171705
12504171717
12504171720
12504171722
12504171725
12504171821
12504171919
12601172121
12601172122
12601172123
12602150050
12602150133
12602150135
12602150347
12602172502
12602172504
12602172517
12602172519
12602172522
12703173103
12703173104
12703173134
12801153030
12801153032
12801153041
12801160409
12802153857
