10201103204
10201103221
10201103229
10201103230
10201103235
10201103236
10201103237
10201103238
10201103239
10201103241
10201103242
10201103243
10201103245
10201103301
10201103302
10201103303
10201103304
10201103305
10201103308
10201103312
10201103313
10201103410
10201103414
10201103601
10201103618
10201103620
10201103934
10201104001
10201104002
10201104004
10201104005
10201104009
10201104013
10201104018
10201104019
10201104020
10201104021
10201104022
10201104024
10201104025
10201104026
10201104027
10201104028
10201104029
10201104033
10201104034
10201104035
10201104036
10201104037
10201104038
10201104046
10201104047
10201104049
10201104053
10201104229
10201104314
10201104317
10201104318
10202104701
10202104721
10202105202
10202105205
10202105207
10202105214
10202105328
10202105329
10202105331
10202105332
10202105333
10202105502
10202105507
10202105511
10202105512
10202105513
10202105703
11501129152
11501129154
11501129156
11501155302
11501155504
11501155528
11501155702
11501162112
11501162125
11501162219
11502129736
11504162419
11601162608
11603131421
11603131701
11603131713
11603131742
11603131746
11603131752
11603131753
11603131755
11603131758
11603131759
11603131760
11603131761
11603131762
11603131911
11701132001
11701132314
11702132705
11702132717
11702132741
11702132815
11702163629
11702163734
11703132902
11703132924
11703132927
11703132928
11703133018
11703133029
11703133031
11703133032
11703133043
11703133047
11703133105
11703133111
11703133112
11703133118
11703133123
11703133127
11703133130
11703133131
11703133137
11703133143
11703133144
11703133149
11703133303
11703133304
11703133305
11703133328
11703133329
11703133331
11703133332
11703133333
11703133602
11703133605
11703133614
11703133625
11703133628
11703133630
11703163804
11703163806
11703163808
11703163817
11703163819
11703163820
11703163911
11703164009
11703164012
11703164014
11703164018
11703164101
11703164103
11703164109
11703164130
11703164202
11703164203
11703164209
11703164214
11703164215
11703164219
11703164223
11703164301
11703164309
11703164310
11703164314
11703164405
11703164408
11703164422
11703164501
11703164511
11703164521
11703164524
11703164609
11703164702
11703164704
11703164721
11703164729
11703164807
11703164810
11703164814
11703164816
11703164817
11703164820
11703164826
11801133920
11801133936
11801133939
11801133943
11801134002
11801134003
11801134010
11801134019
11801134024
11801134042
11801134047
11801134109
11801134111
11801134118
11801134141
11801134510
11801134536
11801134601
11801134620
11801134621
11801134704
11801134705
11801134706
11801134710
11801164926
11801165001
11801165004
11801165005
11801165008
11801165011
11801165017
11801165019
11801165020
11801165022
11802156402
11802156403
11802156407
11802156416
11802156425
11802156426
11802156504
11802156508
11802156515
11802156525
11802156532
11802156807
11802156901
11802156915
11802156932
11802157007
11802157015
11802157024
11802157029
11802165109
11802165118
11802165121
11901135502
11901135620
11901135625
11901135801
11901135802
11901135803
11901135804
11901135805
11901135807
11901135809
11901135810
11901135811
11901135812
11901135813
11901135814
11901135815
11901135816
11901135818
11901135819
11901135821
11901135822
11901135823
11901135824
11901135828
11901135830
11901135833
11901135834
11901135838
11901135839
11901135840
11901135842
11901136003
11901136004
11901136005
11901136006
11901136007
11901136008
11901136009
11901136019
11901136021
11901136023
11901136024
11901136025
11901136026
11901136027
11901136028
11901136029
11901136030
11901136033
11901136035
11901136118
11901136147
11901157102
11901157116
11901157117
11901157123
11901157125
11901157126
11901157130
11901157131
11901157132
11901157134
11901157136
11901157137
11901157143
11901157145
11901157205
11901157206
11901157209
11901157213
11901157218
11901157219
11901157221
11901157222
11901157228
11901157229
11901157230
11901157231
11901157234
11901157239
11901157242
11901157246
11901165501
11901165702
11901165703
11901165707
11901165708
11901165715
11901165716
11901165718
11901165726
11901165804
11901165805
11901165808
11901165812
11901165815
11901165818
11901165820
11901165825
11901165827
11901165828
11901165830
11901165831
11901165833
11902136641
11902157301
11902157308
11902157311
11902157312
11902157315
11902157329
11902157408
11902157412
11902157418
11902157420
11902165907
11902166004
11902166016
11902166019
11902166101
11902166112
11903137329
11903166403
11903166408
11903166412
11903166414
11903166605
11903166701
11903166714
11904137706
11904137707
11904137708
11904137709
11904137712
11904137721
11904137722
11904137724
11904137725
11904137728
11904137729
11904137731
11904137732
11904137734
11904137806
11904137808
11904137812
11904137813
11904137814
11904138125
11904138126
11904138127
11904138130
11904138131
11904138142
11904138149
11904138226
11904166809
11904166812
11904166832
11904166834
11904167024
11904167026
11904167102
11904167104
11904167108
11904167109
11904167118
12001138356
12001138361
12001138529
12001138619
12001167208
12001167212
12001167221
12001167222
12001167223
12001167224
12001167226
12001167229
12001167230
12001167234
12001167308
12001167316
12001167320
12002138736
12002138737
12002138914
12002167413
12003139204
12003139205
12003139206
12003139207
12003139208
12003139212
12003139213
12003139217
12003139223
12003139224
12003139225
12003139233
12003139441
12003139447
12003139501
12003139502
12003139509
12003139510
12003139511
12003139514
12003139516
12003139518
12003139522
12003139605
12003139615
12003139620
12003139647
12003139648
12003167603
12003167609
12003167615
12003167617
12003167619
12003167711
12003167719
12003167816
12003167818
12003167823
12003167825
12003167827
12003167923
12003168002
12003168003
12003168004
12003168006
12003168008
12003168009
12003168010
12003168011
12003168016
12003168019
12003168021
12003168034
12003168105
12101139902
12101139903
12101139904
12101139905
12101139906
12101139907
12101139909
12101139910
12101139911
12101139926
12101139927
12101139928
12101139929
12101139931
12101139937
12101140105
12101140109
12101140116
12101168203
12101168204
12101168205
12101168206
12101168207
12101168212
12101168220
12101168221
12101168222
12101168410
12101168412
12101168414
12101168420
12101168422
12101168423
12101168424
12101168426
12101168431
12101168436
12101168443
12101168444
12101168505
12101168605
12101168635
12101168704
12101168721
12102140351
12102140370
12102140371
12102140404
12102140423
12102140424
12102140610
12102140632
12102140639
12102157701
12102157703
12102157706
12102157708
12102157710
12102157712
12102157713
12102157718
12102157720
12102157722
12102157724
12102157725
12102157726
12102157729
12102157732
12102157736
12102157809
12102157812
12102157815
12102157828
12102157832
12102157901
12102157905
12102157907
12102157909
12102157911
12102157918
12102157925
12102157926
12102157927
12103140756
12103140861
12103140864
12103140940
12103140947
12104141307
12104141407
12104141408
12104141410
12104141415
12104141416
12104141417
12104141420
12104141426
12104141431
12104141432
12104141436
12104141437
12104141438
12104141601
12104141608
12104141610
12104141620
12104141623
12104141624
12104141625
12104141626
12104141639
12104141642
12104141701
12104141707
12104141708
12104141709
12104141710
12104141712
12104141723
12104141736
12201141805
12201141831
12201141908
12201141910
12201141922
12201141934
12201141935
12201141936
12201141946
12202169007
12203142904
12203142936
12203142946
12203142949
12203142950
12203169511
12203169517
12203169518
12203169530
12203169535
12203169539
12203169541
12203169604
12203169621
12203169705
12203169707
12301169907
12302143709
12302143744
12302143757
12302170517
12303144502
12401145236
12401145325
12403145922
12403146136
12403146138
12403146208
12403146214
12403146227
12403146244
12403146251
12403146252
12403146255
12403146262
12403146334
12403146401
12403146402
12403146403
12403146404
12403146405
12403146406
12403146412
12403146414
12403146416
12403146419
12403146420
12403146421
12403146423
12403146425
12403146426
12403146427
12403146437
12403146438
12403146439
12403146440
12403170731
12405146907
12405147001
12405147002
12405147003
12405147005
12405147007
12405147017
12405147019
12405147021
12405147026
12405147029
12405147040
12405158115
12501158238
12501158239
12501158324
12501158511
12501158618
12501158636
12501158649
12501158660
12501171007
12501171011
12501171019
12501171022
12501171026
12501171027
12501171029
12501171030
12501171031
12501171032
12501171037
12502147739
12502171103
12502171107
12502171119
12502171120
12503147938
12503148133
12503148306
12503148701
12504148903
12504148913
12504148921
12504148941
12504148942
12504148947
12504148951
12504148955
12504148956
12504149110
12504149111
12504149127
12504149145
12504149146
12504149156
12504158808
12504158943
12504171701
12504171710
12504171712
12504171715
12504171716
12504171723
12504171724
12504171801
12504171802
12504171803
12504171805
12504171806
12504171808
12504171809
12504171810
12504171811
12504171812
12504171813
12504171815
12504171818
12504171901
12504171902
12504171904
12504171911
12504171914
12504171918
12504171923
12504171925
12601172002
12601172004
12601172005
12601172007
12601172019
12601172020
12601172021
12601172025
12601172026
12601172027
12601172028
12601172101
12601172102
12601172105
12601172107
12601172111
12601172112
12601172113
12601172114
12601172115
12601172116
12601172117
12601172118
12601172119
12601172125
12601172131
12601172132
12601172133
12601172134
12601172135
12601172136
12601172138
12601172139
12601172140
12601172141
12601172142
12602150002
12602150047
12602150310
12602150330
12602150334
12602150344
12602150351
12602172308
12602172315
12602172328
12602172415
12602172506
12602172521
12602172525
12701159613
12701172715
12702150928
12702151130
12702151133
12702151322
12702151517
12702151519
12703152307
12703160102
12703160110
12703160114
12703173105
12703173108
12703173109
12703173121
12703173127
12703173129
12703173131
12703173313
12703173316
12703173330
12801153102
12801160225
12801160318
12801160402
12801160403
12801160408
12801160436
12801160447
12801160451
12801160452
12801160467
12801160468
12802153508
12802153528
12802153530
12802153546
12802153610
12802153646
12802153809
12802153819
12802153820
12802153825
12802153826
12802153827
12802153845
12802153850
12802153851
12802153852
12802153853
12802153854
12802153855
12802153856
12802153858
12802160710
