10201103131
10201103132
10201103205
10201103206
10201103207
10201103215
10201103226
10201103227
10201103228
10201103234
10201103244
10201103248
10201103306
10201103307
10201103311
10201103314
10201103317
10201103319
10201103401
10201103402
10201103403
10201103404
10201103409
10201103412
10201103413
10201103415
10201103416
10201103417
10201103419
10201103605
10201103619
10201103621
10201103704
10201103705
10201103706
10201103711
10201104003
10201104012
10201104015
10201104039
10201104048
10201104051
10201104052
10201104054
10201104055
10201104056
10201104057
10201104058
10201104201
10201104213
10201104301
10201104303
10201104304
10201104305
10201104316
10201104322
10201104330
10202104418
10202104702
10202104817
10202105101
10202105102
10202105110
10202105112
10202105113
10202105115
10202105201
10202105203
10202105206
10202105209
10202105213
10202105216
10202105314
10202105319
10202105327
10202105330
10202105334
10202105335
10202105508
10202105701
10202105702
10202105704
10202105706
10202105707
10202105710
10202105711
10202105712
10202105714
10202105715
10202105717
10202105719
11501129002
11501129155
11501155601
11501155604
11501155605
11501155606
11501155607
11501155608
11501155610
11501155617
11501155619
11501162108
11501162109
11501162118
11501162212
11501162213
11504162408
11504162412
11504162420
11504162427
11504162430
11504162431
11504162433
11504162521
11504162543
11601130303
11601130318
11601130328
11601130332
11601130721
11601156118
11601162604
11601162609
11601162723
11602130903
11602162927
11602163113
11602163222
11602163228
11603131324
11603131326
11603131420
11603131610
11603131612
11603131633
11603131634
11603131635
11603131718
11603131736
11603131737
11603131744
11603131750
11603131751
11603131756
11603131801
11603131803
11603131910
11603131923
11603131926
11603131954
11603131956
11701132120
11701132401
11701163420
11701163509
11701163518
11701163540
11702132702
11702132708
11702132712
11702132714
11702132722
11702132746
11702132819
11702163606
11702163615
11702163622
11702163624
11702163727
11702163731
11703132903
11703133004
11703133007
11703133008
11703133015
11703133016
11703133017
11703133023
11703133035
11703133038
11703133051
11703133109
11703133113
11703133114
11703133116
11703133119
11703133138
11703133147
11703133317
11703133609
11703163801
11703163803
11703163807
11703163816
11703163818
11703164001
11703164002
11703164004
11703164010
11703164013
11703164016
11703164021
11703164022
11703164023
11703164024
11703164027
11703164102
11703164113
11703164118
11703164205
11703164217
11703164220
11703164225
11703164229
11703164306
11703164406
11703164411
11703164415
11703164418
11703164419
11703164427
11703164619
11703164710
11703164718
11703164724
11703164812
11703164815
11703164818
11703164822
11703164824
11801133948
11801134007
11801134009
11801134013
11801134021
11801134035
11801134037
11801134119
11801134121
11801134134
11801134140
11801134419
11801134503
11801134515
11801134518
11801134522
11801134528
11801134534
11801134622
11801134631
11801134703
11801134709
11801134711
11801134714
11801165003
11801165007
11801165009
11801165010
11801165013
11801165015
11802156405
11802156406
11802156408
11802156411
11802156412
11802156414
11802156419
11802156422
11802156424
11802156506
11802156509
11802156518
11802156520
11802156524
11802156721
11802156803
11802156816
11802156919
11802156925
11802156926
11802156929
11802156938
11802157012
11802157021
11802157023
11802157026
11802165105
11802165108
11802165110
11802165113
11802165117
11802165122
11802165125
11802165132
11802165137
11802165144
11901135501
11901135602
11901135605
11901135614
11901135622
11901135806
11901135808
11901135820
11901135825
11901135827
11901135829
11901135831
11901135832
11901135836
11901135837
11901135841
11901136001
11901136002
11901136016
11901136017
11901136018
11901136020
11901136022
11901136034
11901136143
11901157104
11901157107
11901157109
11901157110
11901157111
11901157113
11901157114
11901157119
11901157122
11901157124
11901157129
11901157140
11901157212
11901157214
11901157217
11901157224
11901157232
11901157233
11901157237
11901165503
11901165511
11901165519
11901165523
11901165527
11901165704
11901165705
11901165711
11901165713
11901165717
11901165719
11901165725
11901165817
11901165823
11901165824
11902136612
11902136613
11902136614
11902136638
11902136644
11902136702
11902136728
11902157302
11902157303
11902157309
11902157320
11902157330
11902157401
11902157407
11902157414
11902157421
11902166009
11902166010
11902166111
11902166120
11902166307
11902166308
11903137129
11903137314
11903137334
11903137425
11903166407
11903166420
11903166608
11903166704
11904137705
11904137711
11904137723
11904137727
11904137730
11904137733
11904137801
11904137802
11904137805
11904137811
11904137815
11904137818
11904137831
11904138008
11904138009
11904138019
11904138104
11904138112
11904138132
11904138141
11904138153
11904138157
11904138207
11904138208
11904138214
11904138228
11904166829
11904167004
11904167023
11904167032
12001138303
12001138357
12001138542
12001138639
12001167206
12001167207
12001167210
12001167219
12001167220
12001167233
12001167305
12001167314
12001167317
12001167322
12001167323
12002138724
12002138730
12002138735
12002138741
12002138909
12002167506
12002167518
12002167525
12002167530
12003139222
12003139226
12003139227
12003139229
12003139306
12003139318
12003139322
12003139323
12003139431
12003139442
12003139443
12003139609
12003139622
12003139624
12003139634
12003139646
12003167601
12003167605
12003167610
12003167621
12003167623
12003167703
12003167709
12003167714
12003167716
12003167727
12003167729
12003167817
12003167826
12003168013
12003168020
12003168029
12003168030
12003168031
12003168101
12003168106
12003168107
12003168111
12101139908
12101139912
12101139913
12101139921
12101139922
12101139923
12101139924
12101139930
12101139940
12101139942
12101139946
12101140107
12101140108
12101140115
12101168201
12101168208
12101168210
12101168211
12101168213
12101168215
12101168415
12101168417
12101168419
12101168427
12101168435
12101168439
12101168442
12101168520
12101168527
12101168603
12101168608
12101168611
12101168612
12101168619
12101168633
12101168714
12101168730
12102140311
12102140326
12102140327
12102140330
12102140347
12102140354
12102140356
12102140361
12102140362
12102140363
12102140366
12102140367
12102140369
12102140403
12102140405
12102140408
12102140420
12102140425
12102140426
12102140427
12102140431
12102157709
12102157730
12102157731
12102157807
12102157814
12102157817
12102157823
12102157825
12102157826
12102157902
12102157912
12102157920
12103140704
12103140742
12103140744
12103140747
12103140751
12103140752
12103140754
12103140755
12103140760
12103140803
12103140832
12103140840
12103140856
12103140857
12103140863
12103140867
12103140904
12103140918
12103140941
12103141009
12103141048
12103141057
12103141058
12103141122
12103141223
12103141240
12103141241
12104141334
12104141335
12104141402
12104141409
12104141411
12104141413
12104141414
12104141427
12104141428
12104141434
12104141607
12104141631
12104141633
12104141637
12104141641
12104141714
12104141716
12104141722
12104141730
12104141731
12201141835
12201141912
12201141913
12201141921
12201141927
12201141932
12201141933
12201141937
12201141947
12202169006
12202169112
12203142736
12203142910
12203142915
12203142932
12203143003
12203143031
12203169307
12203169336
12203169418
12203169515
12203169526
12203169631
12203169702
12203169704
12203169710
12203169714
12203169716
12203169718
12203169722
12301169804
12301170125
12301170129
12301170212
12302143723
12302143741
12302144341
12302170501
12302170533
12302170602
12302170604
12303144707
12303144725
12303144734
12401144907
12401144913
12401144915
12401145001
12401145002
12401145005
12401145007
12401145010
12401145011
12401145013
12401145014
12401145015
12401145016
12401145018
12401145029
12401145030
12401145041
12401145043
12401145044
12401145206
12401145207
12401145210
12401145211
12401145212
12401145213
12401145217
12401145225
12401145226
12401145227
12401145231
12401145233
12401145237
12401145302
12401145307
12401145323
12401145327
12401145414
12401145429
12401145435
12401145436
12401145501
12401145513
12401145515
12403145903
12403145907
12403145908
12403145918
12403145925
12403146045
12403146139
12403146140
12403146212
12403146213
12403146217
12403146218
12403146240
12403146242
12403146245
12403146247
12403146257
12403146331
12403146407
12403146408
12403146409
12403146410
12403146417
12403146418
12403146429
12403146430
12403146431
12403146432
12403146433
12403146436
12403146441
12403170707
12403170713
12404146619
12404146621
12404146624
12404146628
12404146630
12404146734
12405147004
12405147006
12405147008
12405147011
12405147012
12405147013
12405147014
12405147015
12405147016
12405147018
12405147020
12405147027
12405147028
12405147032
12405147033
12405147034
12405147035
12405147036
12405147037
12405147038
12405147039
12405147042
12405158103
12405158116
12405158121
12405158139
12501158206
12501158236
12501158318
12501158319
12501158321
12501158607
12501158630
12501158644
12501158652
12501158653
12501158655
12501158701
12501158704
12501170914
12501171003
12501171005
12501171006
12501171023
12501171034
12502147721
12502147730
12502171109
12502171113
12502171207
12502171224
12502171234
12503147905
12503147917
12503148012
12503148013
12503148018
12503148123
12503148157
12503148328
12503148601
12503171419
12503171512
12503171515
12503171522
12504148902
12504148908
12504148912
12504148914
12504148932
12504148938
12504148939
12504148940
12504149160
12504149403
12504158912
12504158944
12504158945
12504171703
12504171707
12504171708
12504171709
12504171721
12504171804
12504171814
12504171816
12504171820
12504171905
12504171910
12504171913
12504171917
12504171920
12504171922
12601149625
12601149651
12601172003
12601172008
12601172009
12601172010
12601172015
12601172016
12601172022
12601172023
12601172029
12601172030
12601172103
12601172106
12601172108
12601172110
12601172127
12602149820
12602149908
12602150022
12602150046
12602150112
12602150302
12602150313
12602150323
12602150324
12602150326
12602150328
12602150341
12602150348
12602172303
12602172318
12602172320
12602172332
12602172435
12602172513
12701150411
12701150414
12701150416
12701159501
12701159606
12701159608
12701159610
12701172711
12701172714
12701172720
12701172723
12701172728
12701172904
12701172911
12701172919
12701172922
12701172933
12701172935
12702150918
12702151129
12702151132
12702151151
12702151712
12702151922
12702152101
12703152225
12703160103
12703160111
12703160116
12703173011
12703173110
12703173114
12703173117
12703173122
12703173123
12703173126
12703173206
12703173301
12703173333
12801153005
12801153014
12801153024
12801153026
12801153031
12801153046
12801153128
12801160202
12801160407
12801160410
12801160411
12801160414
12801160419
12801160457
12801160617
12802153507
12802153529
12802153544
12802153601
12802153602
12802153604
12802153605
12802153606
12802153607
12802153609
12802153611
12802153612
12802153614
12802153615
12802153617
12802153618
12802153619
12802153620
12802153622
12802153623
12802153624
12802153625
12802153626
12802153628
12802153630
12802153631
12802153632
12802153633
12802153635
12802153637
12802153638
12802153639
12802153640
12802153641
12802153643
12802153644
12802153645
12802153647
12802153649
12802153801
12802153817
12802153842
12802153846
12802160701
12802160714
12802160717
12802160718
12802160720
12802160721
12802160722
12802160724
12802160738
12802160740
