10201103224
10201103240
10201104014
10201104017
10201104023
11501129150
11501155624
11504162423
11504162425
11601130344
11602130928
11602130933
11602162827
11602163209
11602163223
11602163224
11602163237
11603131734
11603131738
11603131739
11603131747
11603131749
11701132123
11701132336
11701163502
11701163503
11701163504
11701163523
11701163527
11701163528
11701163532
11701163537
11701163541
11702132713
11702132745
11702132816
11702132820
11703132904
11703132907
11703132922
11703133013
11703133020
11703133022
11703133034
11703133036
11703133039
11703133048
11703133049
11703133050
11703133102
11703133103
11703133106
11703133115
11703133117
11703133135
11703133136
11703133145
11703133146
11703133151
11703133301
11703133302
11703133312
11703133321
11703133323
11703133326
11703133327
11703133330
11703133334
11703133335
11703133336
11703133338
11703133344
11703133345
11703133348
11703133349
11703133350
11703133603
11703133606
11703133611
11703133622
11703133624
11703163805
11703163810
11703163811
11703163908
11703163915
11703164005
11703164007
11703164011
11703164015
11703164017
11703164029
11703164104
11703164111
11703164112
11703164116
11703164122
11703164123
11703164206
11703164207
11703164210
11703164216
11703164218
11703164222
11703164233
11703164302
11703164304
11703164308
11703164312
11703164313
11703164315
11703164317
11703164319
11703164413
11703164424
11703164515
11703164621
11703164705
11703164709
11703164713
11703164714
11703164719
11703164723
11703164725
11703164726
11703164727
11703164728
11703164730
11703164801
11703164803
11703164804
11703164811
11703164819
11703164821
11703164823
11703164825
11703164827
11801133929
11801133937
11801133938
11801133945
11801134001
11801134012
11801134014
11801134015
11801134016
11801134018
11801134031
11801134036
11801134038
11801134048
11801134051
11801134501
11801134504
11801134508
11801134509
11801134513
11801134521
11801134610
11801165002
11801165006
11801165016
11801165018
11801165021
11802156401
11802156404
11802156409
11802156410
11802156413
11802156417
11802156418
11802156420
11802156516
11802156601
11802156819
11802156820
11802156908
11802156917
11802156922
11802156923
11802157001
11802157010
11802157019
11802165103
11901135601
11901135817
11901157101
11901157103
11901157108
11901157128
11901157133
11901157139
11901157141
11901157201
11901157208
11901157211
11901157215
11901157220
11901157225
11901157238
11901157244
11901157245
11901165814
11901165819
11901165829
11901165832
11902136239
11902157326
11902157413
11902157417
11902166119
11902166121
11902166122
11902166124
11902166302
11903137327
11903137332
11903137426
11903137461
11903166406
11904137807
11904137825
11904137826
11904138129
11904138139
11904138146
11904138148
11904138225
11904167103
11904167107
11904167113
11904167115
11904167119
12001167202
12001167204
12001167211
12001167215
12001167301
12001167302
12001167303
12001167306
12001167307
12001167309
12001167310
12001167311
12001167312
12001167313
12001167315
12001167318
12001167321
12002167535
12003139203
12003139211
12003139228
12003139232
12003139401
12003139444
12003139512
12003139517
12003139519
12003139520
12003139521
12003139523
12003139606
12003139607
12003139614
12003139623
12003139627
12003139631
12003139632
12003139640
12003139643
12003167602
12003167604
12003167606
12003167607
12003167611
12003167612
12003167613
12003167614
12003167618
12003167620
12003167622
12003167624
12003167626
12003167628
12003167805
12003167810
12003167830
12003168005
12003168014
12003168018
12003168025
12003168028
12003168032
12101139925
12101139943
12101139947
12101140128
12101168401
12101168405
12101168413
12101168433
12101168445
12101168526
12101168630
12102140364
12102157704
12102157705
12102157716
12102157719
12102157723
12102157733
12102157735
12102157806
12102157903
12102157910
12102157917
12102157921
12102157922
12102157923
12102157924
12103140759
12103140862
12103141056
12103141151
12104141401
12104141403
12104141424
12104141425
12104141435
12104141441
12104141444
12104141619
12104141622
12104141640
12104141721
12104141726
12104141729
12104168905
12201141925
12201141926
12201141948
12203142919
12203169509
12203169519
12203169520
12203169524
12203169533
12203169721
12302143752
12403146133
12403146137
12403146243
12403146250
12403146254
12403146326
12403146413
12403146434
12403146435
12403146442
12501158240
12501158503
12501158509
12501158514
12501158712
12501171001
12501171004
12501171012
12501171013
12501171014
12501171021
12501171028
12501171035
12502147705
12502171110
12502171229
12503171411
12504148901
12504148953
12504148960
12504149155
12504149161
12504149162
12504149164
12504171704
12504171706
12504171718
12504171719
12504171807
12504171817
12504171915
12601172001
12601172011
12601172012
12601172013
12601172018
12601172032
12601172109
12601172120
12601172124
12601172129
12601172137
12602150044
12602150045
12602150049
12602150051
12602150052
12602150136
12602150350
12602150352
12602172508
12602172511
12602172512
12701172737
12702151131
12703160112
12703160113
12703160115
12703173107
12703173111
12703173113
12703173115
12703173116
12703173119
12703173125
12703173128
12703173132
12703173133
12703173137
12703173303
12703173309
12703173336
12801160437
12802153538
12802153805
12802153818
12802153859
12802160708
